1207.088693292576
927.2729906289605
1366.5014170724044
1326.7337671347398
1210.8168496228475
1511.8682833868793
1123.607154435527
1192.2686039494934
1362.0843257412448
1186.9319058832746
1186.0172189340435
1307.494006656709
1128.0142690463515
1398.7794850765538
1350.7510436358928
1158.1937405003093
1370.5165719637457
1515.8939353427215
1231.9319893408099
1618.0823188098354
1036.628340818511
1326.6001120805154
1379.8267851629057
1541.1031558558407
1403.7728186147804
1508.1704305290862
1021.1048980151131
1502.0790316059067
1216.3637132602394
1106.8579480385574
1227.7793298567235
969.9300354277684
949.4216515121649
1229.3411814655637
1412.1989186153214
934.742633129574
1278.4461346550843
948.2710457844544
1014.8976702253996
1440.1366740639955
1286.5498819329594
1025.41276913382
1263.9749741629155
1228.1592192518367
1028.0656212072931
1426.8388684646861
1189.7792421518682
1323.4427431830354
902.2232982291465
1113.9113932183898
1011.3090843654231
1268.1148690551283
1286.779754602207
1263.2208858554675
916.0976840093167
1573.815738112889
1073.085155063347
1416.2053923894923
1316.418245504436
971.9181215245501
1391.085409440389
1123.8337672870716
1389.8821682446055
908.5497037002052
1164.6934434562093
1208.7915448875228
1025.2651096161014
1167.298658504944
1178.435479269093
1292.6251844536475
1594.3572137557026
1105.6093441182509
1289.733536738877
1004.0405544561598
1353.3950081299574
1133.850630911709
1191.6757248403883
1117.1625805263368
1351.184664186084
1285.3466292988326
1258.7848182655812
1307.863361669559
1477.423503111369
1400.8746535833995
1103.9270696531182
991.4631574755316
1104.5320865766262
1420.466074923688
1263.2319369192737
1351.1518540756585
1253.9428705195446
1110.6218380402752
1118.2251186976614
1398.638599209217
1378.8632929869639
1112.8885283535642
1316.947244417916
1021.5578592832388
1315.1727352931825
1047.6649520185965
