1.268428391671798636e+03
1.187481646026010367e+03
1.185402773959510341e+03
1.254007200186594673e+03
1.094586981150364863e+03
1.161867875134423457e+03
1.369939012059805918e+03
1.362088182122845183e+03
1.044657043500865484e+03
1.296901084463798497e+03
1.209716386599043290e+03
1.190273203435775031e+03
1.307504924824808086e+03
1.266346308591215347e+03
1.228690446492148112e+03
1.256429828349665058e+03
1.346855635927828644e+03
1.303885364041479079e+03
1.323862018381894586e+03
1.347751201288177072e+03
1.205106913438929041e+03
1.330209603860559127e+03
1.269831404881060962e+03
1.130982804075801141e+03
1.305202079481782221e+03
1.158671574236872402e+03
1.277328754102802350e+03
1.232196696379087825e+03
1.202567623297315549e+03
1.128833746652728450e+03
1.284680877474937006e+03
1.107482104462131701e+03
1.182698709493423848e+03
1.193610021927876005e+03
1.206466902310926798e+03
1.207769550203234303e+03
1.371364503935705216e+03
1.223297047416596115e+03
1.137379405834937188e+03
1.270658036518873359e+03
1.246193826417261334e+03
1.208942805105027446e+03
1.277525877174050493e+03
1.343550095858664463e+03
1.259360388500664612e+03
1.170161342556671570e+03
1.251475979041193796e+03
1.122799590744370335e+03
1.271037120260869642e+03
1.210485430754817344e+03
1.274146467413430400e+03
1.283812178312455217e+03
1.288194294485962700e+03
1.275870557051140850e+03
1.246454963324853452e+03
1.259319347924133126e+03
1.270580936958360098e+03
1.250941832244428497e+03
1.197489788280789298e+03
1.278081128091863093e+03
1.360419895597475715e+03
1.310317227268310717e+03
1.192400012233866164e+03
1.256217314517007026e+03
1.129909403658065912e+03
1.326941519158949632e+03
1.242257526231874863e+03
1.229254926023686721e+03
1.226514944971047498e+03
1.260273561789856103e+03
1.139397012607865008e+03
1.226517521268224982e+03
1.289896857798795963e+03
1.293987627470710322e+03
1.185045817000808711e+03
1.287435417711400532e+03
1.217187008023569661e+03
1.068788507344120262e+03
1.162637632297615255e+03
1.131377006279640682e+03
1.087911962723876059e+03
1.313288090938377081e+03
1.156219322786162593e+03
1.323747123584737210e+03
1.179536294226463951e+03
1.240955338877037093e+03
1.298824018638350935e+03
1.242315911573239646e+03
1.156558585885234152e+03
1.218888485922740529e+03
1.260108277578358866e+03
1.293493577040355376e+03
1.343767818764697267e+03
1.315159710578834392e+03
1.357067798477494762e+03
1.276616053177798904e+03
1.217667498475001366e+03
1.175952141203969859e+03
1.206772374945538104e+03
1.279247229047425890e+03
