2.500000000000027089e+00
2.500000000000012434e+00
2.499999999999948930e+00
2.499999999999986677e+00
2.499999999999989786e+00
2.500000000000030642e+00
2.500000000000017319e+00
2.500000000000017764e+00
2.500000000000022204e+00
2.499999999999969358e+00
2.500000000000031086e+00
2.499999999999990230e+00
2.500000000000011546e+00
2.500000000000018208e+00
2.500000000000052847e+00
2.499999999999958700e+00
2.499999999999988898e+00
2.500000000000001776e+00
2.499999999999958700e+00
2.499999999999999112e+00
2.500000000000028866e+00
2.500000000000011546e+00
2.500000000000061728e+00
2.499999999999995115e+00
2.499999999999996003e+00
2.499999999999992006e+00
2.499999999999987566e+00
2.500000000000029310e+00
2.500000000000009770e+00
2.500000000000035971e+00
2.499999999999956479e+00
2.499999999999963585e+00
2.500000000000017319e+00
2.500000000000011546e+00
2.499999999999958256e+00
2.499999999999968026e+00
2.500000000000031530e+00
2.500000000000030198e+00
2.500000000000010658e+00
2.500000000000039524e+00
2.499999999999976019e+00
2.500000000000001776e+00
2.499999999999982236e+00
2.499999999999988898e+00
2.499999999999997335e+00
2.500000000000010658e+00
2.499999999999982236e+00
2.499999999999977351e+00
2.500000000000030198e+00
2.500000000000034195e+00
2.500000000000019540e+00
2.499999999999966249e+00
2.500000000000009326e+00
2.500000000000008438e+00
2.499999999999995115e+00
2.500000000000051070e+00
2.499999999999966249e+00
2.499999999999942268e+00
2.500000000000047962e+00
2.500000000000008882e+00
2.499999999999994671e+00
2.500000000000016431e+00
2.500000000000018652e+00
2.499999999999937383e+00
2.499999999999978684e+00
2.500000000000001776e+00
2.499999999999976907e+00
2.499999999999999556e+00
2.499999999999973799e+00
2.499999999999930722e+00
2.500000000000025313e+00
2.499999999999970690e+00
2.500000000000001776e+00
2.499999999999987121e+00
2.500000000000044853e+00
2.500000000000063061e+00
2.499999999999995559e+00
2.500000000000005773e+00
2.500000000000014655e+00
2.499999999999932054e+00
2.499999999999937828e+00
2.499999999999933831e+00
2.500000000000011546e+00
2.499999999999990230e+00
2.500000000000027089e+00
2.500000000000037748e+00
2.500000000000015987e+00
2.499999999999999112e+00
2.499999999999985789e+00
2.499999999999979128e+00
2.499999999999981792e+00
2.500000000000051070e+00
2.499999999999989342e+00
2.500000000000003997e+00
2.500000000000031086e+00
2.500000000000023537e+00
2.500000000000025313e+00
2.499999999999986677e+00
2.499999999999988898e+00
2.499999999999985345e+00
